12894
2688
7790
3298
7410
3156
7629
3078
7593
3078
7642
3042
7694
2992
7623
3067
7578
3119
7570
3170
7434
3280
7423
3277
7525
3192
7484
3257
7447
8522
12965
2604
7867
3426
7320
3286
7458
3098
7633
3023
7705
3074
7482
3256
7452
3310
7403
3409
7162
4153
6425
6470
3496
4717
6648
3471
7453
3115
7653
8374
13106
2534
7986
3355
7345
4022
6429
5672
4551
3602
7677
3357
7374
3340
7397
3250
7325
3291
7629
3021
7716
3009
7557
3061
7612
3081
7636
3054
7516
8544
13127
