9150
12417
2612
8043
3125
7439
3193
7517
3108
7643
3063
7581
3148
7573
3007
7781
3081
7382
3184
7626
8409
7555
5196
4914
3945
12910
2545
7942
9125
12587
2447
8082
3254
7409
3117
7490
3023
7800
3043
7565
3074
7600
3018
7759
3231
7249
3572
7152
9473
6466
4003
6768
5557
10756
2610
7910
9558
12103
2478
8078
3148
7508
3000
7719
2963
7754
3103
7469
3288
7391
3264
7497
3533
6954
4186
6514
10126
322
304
4999
5045
5507
3522
13272
2550
8059
9192
12344
2501
8041
3244
