2632
7983
3236
7418
3287
7273
3476
7214
3898
6784
5604
4584
3792
7574
3127
7425
3308
7402
8767
7435
3692
12363
2687
7992
3167
7517
8457
13086
2509
7944
3610
7113
5518
4653
4434
6631
5422
4838
3706
7557
3321
7327
3822
6736
5872
4304
10901
5263
3465
13375
2570
7977
3248
7407
9209
12322
2547
8017
3413
7215
4302
5973
4666
6259
4925
5492
3413
7732
3295
7449
3354
7369
3799
6895
9782
6026
3905
12563
2676
7815
3742
6822
9919
11705
2783
7950
3156
7356
3607
7071
4521
