8417
13092
2506
7985
3476
7204
4198
6266
5240
5229
3380
7651
3372
7375
3407
7333
4022
6482
5864
4531
11092
10914
9225
12137
2731
7954
8444
13061
2525
7984
3302
7369
4101
6363
5701
4746
4794
6001
4591
6189
6218
3961
4701
6498
3345
7736
8439
13036
8924
12371
2747
7943
8499
12987
2570
7968
3240
7434
3437
7309
4268
6153
5610
4857
3566
7547
3145
7621
3068
7641
3129
7547
8581
12918
9081
12238
2689
7993
8461
13028
2560
7992
3325
7307
3895
6835
5185
5003
3384
7696
