6401
9982
8377
12976
3008
7648
3347
7368
5333
4940
4969
5503
3704
7677
3523
7056
5760
4440
4491
6523
3085
7898
3349
7226
9851
5827
5098
5642
4252
12309
8333
13152
2985
7697
3294
7227
4544
5677
3886
7196
4445
5966
3716
7476
4625
5333
3620
245
414
6762
3241
7720
3366
7373
9713
6036
4587
5978
3709
13016
8206
13081
3181
7503
3415
7143
4622
5658
3364
7745
3350
7355
4209
6096
3809
7212
4440
5917
3754
7523
4347
5645
9089
7472
4097
6531
4501
11828
8343
13116
3024
