4036
6531
4471
5925
3358
7704
4170
6384
4998
5319
4398
6655
3321
7564
16
3450
7167
9621
6190
3250
13402
8083
7922
4600
11407
2733
7816
3599
7042
5418
4855
3855
7176
4218
6424
6588
3347
3877
7777
3522
7152
5578
4623
6198
4482
10629
5382
3419
13395
8076
7924
3730
12271
2927
7758
3173
7348
3382
7358
4069
6478
5581
4791
3889
7244
3559
7314
4476
5718
3966
7075
4469
5958
11709
3747
4180
12924
8335
7621
4137
12094
2760
7808
3212
7381
4061
6547
4633
5752
4211
