5258
10446
11659
2826
7646
8531
7507
4867
11345
2620
7896
4200
6225
5278
5203
4232
6846
3459
7474
3779
6679
5401
4788
3506
7871
3612
7065
5836
4130
10233
12016
2844
7848
8458
7579
3719
12341
2943
7738
3029
7455
3288
7452
3297
7409
3286
7451
3171
7610
3512
7024
6030
3856
5070
6097
3163
7935
9238
12286
2878
7756
8456
7605
5164
11035
2586
7957
3914
6579
4959
5429
4182
6858
3296
7567
3607
6848
6477
3024
4500
7676
3429
7141
4455
5895
11960
9926
2701
7983
8471
7474
