7279
5593
4677
4970
5840
9695
6590
4562
11778
3043
7606
5609
4549
3413
427
181
7045
3332
7459
4577
5592
3891
7438
4693
5447
3634
7694
4011
6265
5062
5547
3170
7880
4144
6330
6039
4208
10609
5847
4623
11961
3091
7438
7308
1364
5051
7704
4087
6372
6058
4141
3624
7700
4207
6284
5338
5297
3743
7280
5771
4427
4293
6754
3233
7762
4074
6164
11376
4279
4299
12832
3049
7426
4784
5339
3664
7682
3965
6482
5568
4876
5601
5158
4819
5676
3693
7590
4318
5865
3763
7524
5807
