12829
9605
8514
12960
8461
13020
2992
7621
3411
7118
5271
5075
3609
7593
3476
7189
5579
4608
4690
6082
3256
7608
3361
7526
3593
6967
10007
11717
8397
13081
8277
13152
2853
7644
3433
7136
5328
5007
4715
6036
3683
7469
4281
6034
3580
7455
3971
6518
6231
3744
5005
6271
9830
12011
8349
13106
8281
13137
2873
7676
3509
7152
4704
5434
3424
7771
3248
7625
3831
6666
5313
5108
3621
7445
3926
6610
5336
5060
8884
13138
8338
13007
8462
12953
3018
7698
3341
7206
4450
5909
