4955
5723
4615
6415
5706
4598
5619
5037
3342
7941
8961
7020
3824
6820
5154
5152
3774
7524
4606
11478
2645
7964
3904
6703
6672
2475
6609
5201
4286
6693
3522
7429
3732
6798
5628
4542
3763
7675
3146
7393
8813
7253
3761
6928
5257
4987
4625
6593
3091
84
464
12659
2687
7800
3667
7026
5478
4522
3511
7972
3868
6600
5228
5186
3395
7718
3271
7440
4011
6452
5940
4143
11052
5388
3617
7572
4986
5195
3595
7730
5275
10782
2576
8093
4274
5907
4654
6206
4712
5648
3839
7431
