6169
9802
12062
8385
7815
3624
6797
4346
11984
2758
7858
3489
7079
5655
4548
5008
5697
4283
6593
3485
7475
3304
7471
3855
6658
5581
4586
3978
7341
9146
12506
8133
7833
4264
6010
3872
12627
2772
7784
3807
6845
6764
3167
6247
4749
3858
7304
3351
7504
3705
6752
5797
4413
5085
5622
4182
7107
9177
12358
8263
7582
4702
5599
3578
13243
2558
7937
3085
7597
3970
6539
4931
5369
4334
6599
4357
6446
5208
5159
3424
114
401
7163
3434
7337
4249
6145
10307
396
202
10877
