3134
7399
3364
7307
8672
12892
2548
7914
3501
7248
6009
3809
5128
6024
4081
6826
3402
7401
3363
7356
3378
7333
3531
7037
9534
12176
2566
7996
3477
7191
5964
3866
10843
11529
2673
7995
3290
7260
4174
6342
5408
4965
3384
7880
3361
7263
3846
6798
5704
4548
5824
4866
9066
13034
2675
8000
3227
7279
3714
7011
10091
130
415
10926
2799
7855
3109
7482
3181
7568
3178
7476
3218
7515
3294
7428
3870
6611
5410
4920
3701
7464
8759
12733
2614
7927
3485
7220
4425
6005
9344
