3243
7513
3081
7620
2856
7878
2934
7639
8497
7639
4457
5770
3559
7740
4812
5331
3457
7618
4083
6663
3872
6686
4708
11730
2614
7806
3841
6730
3542
7246
3566
7096
4199
6288
5878
4533
5557
5198
10653
5288
3430
7915
3822
6688
5249
5129
3581
7722
5911
3806
3691
7961
3874
12308
2560
8044
3447
7068
3846
6908
4344
6106
4283
6454
5416
5098
3273
7830
8590
7563
4101
6381
2999
7813
4461
5753
3574
7746
4874
5173
3446
7941
5509
10480
2751
7934
3074
7644
3711
6826
3862
