3733
3924
7476
4770
5327
3540
7510
3404
7625
4174
6139
17514
3430
4223
7148
5703
4636
4525
6319
9110
12703
8585
12870
3166
7394
4538
5752
3595
7579
4328
5834
3910
7332
5399
4798
5651
5082
3647
7460
4427
5936
3698
7326
5823
4212
3669
7542
8778
12958
8552
12949
3090
7424
4554
5594
3716
7601
4425
5716
3945
7366
5391
4760
4595
6231
3100
7859
3429
7163
7118
2635
4813
6838
3230
7688
9757
11674
8496
12943
3179
7501
4283
5920
3815
7276
5639
4504
4475
6563
3212
7718
