12383
2671
7981
8564
12975
9102
12177
2632
8047
3260
7308
3480
7262
4142
6470
5301
4958
3321
7885
3299
7332
3267
7577
3045
7589
8465
12969
2678
7871
8575
13072
8987
12480
2449
8040
3264
7297
3488
7254
3619
7055
4133
6516
5048
5017
4705
6472
3018
7879
3416
7263
9310
12167
2632
7981
8522
13078
8816
12648
2443
8017
3330
7255
3795
6848
6160
3813
5513
5538
4436
6449
3087
7810
3301
7402
3352
7391
8693
12786
2616
8040
8518
13015
8737
12731
2501
7942
3295
7460
4184
