4743
6571
3008
13329
3123
7519
6522
3445
5897
5119
5051
5438
3441
7805
3650
6940
5333
5043
4474
6546
5109
5321
3395
7745
4147
6193
4570
6148
9679
6614
2898
7929
3942
12294
2942
7738
4219
5959
4504
6306
5697
4813
5772
4892
4733
6093
5745
4890
6240
4259
4558
6448
3240
7776
3891
6586
5409
84
396
4390
10437
5775
3849
7441
2773
13473
2994
7499
4325
6018
6355
3923
4571
6692
3168
7675
4161
6301
4110
6777
4869
5376
3526
7594
3345
7512
4517
5609
3769
7511
9900
5929
