3638
7475
4365
5801
3695
7582
4170
6042
3876
7296
5492
4793
4801
5931
3257
7778
3666
7071
10601
10945
3078
7435
9375
12134
3196
7444
4248
6026
3898
7134
6193
3576
6756
4449
4399
6574
3254
7740
4249
6143
4973
5452
3452
7891
3732
6723
11519
10083
3204
7456
9472
12067
3271
7410
6326
2792
5259
6835
3300
7465
4447
5936
4029
6828
5595
4867
5243
5431
3523
7634
3908
6494
4791
5691
8859
13210
3052
7445
9382
12300
3301
7192
5437
4793
5624
5090
4293
6633
5034
5206
3636
