5354
4996
4388
6539
4742
5654
3548
7584
3842
6800
10401
360
262
4406
4055
12994
8389
12996
3064
7551
3983
6461
5158
5353
3513
7535
4012
6440
4133
6604
5045
5178
3611
7645
3235
7617
3916
6550
5523
4879
10330
5914
4844
11729
8306
13167
3187
7241
4882
5108
3607
7719
3354
7556
4281
5870
3658
7475
4169
6279
4808
5672
3651
7580
3987
6490
5398
5052
9123
7443
2819
13243
8506
12946
3368
7286
4619
5430
3464
7870
3425
7261
5589
4582
4725
6190
3095
7971
4010
6411
5403
