3737
7659
3971
6434
5460
5012
3897
7147
5515
4889
5642
4948
4360
6610
5933
4371
4625
6353
9529
12261
8447
7522
4547
11670
2939
7743
3750
6808
5455
4875
4839
5917
3826
7191
6425
3587
4088
7245
4712
5419
3506
7809
3429
7331
5791
4304
9978
12163
8438
7550
4476
11684
2946
7742
3444
6902
5415
5097
4934
5623
3443
7886
3604
6854
6347
3308
4546
7354
5674
4189
4633
6720
3286
7661
9510
12020
8418
7569
2686
13402
3006
7603
4603
5334
3560
7873
3851
6747
5152
5254
3463
