3902
7161
5857
4271
4799
6179
3149
7759
3353
7529
4239
6016
4361
6579
6594
3575
4127
7204
10985
4470
4830
6317
3202
380
346
6939
6821
9449
3148
7521
3967
6318
4625
6085
4131
6870
5146
5108
3642
7609
4171
6081
6841
2665
5717
6201
3156
7866
3252
7513
9732
5913
4835
5902
4257
6569
3066
13434
2878
7622
4387
5783
3797
7493
4285
5998
4199
6736
5166
5260
3633
7459
4492
5678
3412
7859
3530
6941
6310
3372
9735
7448
4414
5914
3795
7364
3752
12422
3049
7653
3414
7077
