6400
4391
10700
11563
2890
7741
3376
7207
9894
11614
3034
7702
3418
7085
4679
5562
3395
7838
3280
7494
4163
6082
5022
5589
3559
7749
3764
6691
5254
5084
9034
12939
3047
7631
3487
6975
10195
11395
3009
7706
3462
7066
5487
4891
5918
4816
5350
5207
3321
7940
3842
6757
5496
4813
5408
5306
3647
7462
9419
12089
3027
7621
3561
7157
10428
11100
2877
7678
3560
7089
4881
5312
3355
7881
3509
7009
5164
330
217
4482
4557
6485
3104
7908
3289
7455
4209
6041
9678
12316
2996
