3705
7355
4425
5781
9055
7485
4832
11429
2856
7683
9120
12372
3038
7627
3458
7133
4983
5352
3259
7882
3564
7076
5706
4486
4582
6257
3192
7748
3366
7422
4100
6376
10000
5903
3275
13324
3040
7658
8563
12958
2996
7561
3797
6658
4740
5583
3383
7922
3325
7260
4794
5276
4280
7026
3197
7583
3957
6521
5964
4263
10253
6064
4152
12542
2926
7572
9062
12432
3189
7423
4318
5925
3657
7425
4089
6378
5868
4614
4949
5802
3328
7646
3472
7283
4472
5983
4193
6678
11154
4573
3489
